873
4233
8656
2919
2615
9565
2336
7908
8411
752
6021
8000
4434
9946
7814
1561
170
1172
4090
1428
9703
4594
2012
507
313
6052
1780
8721
2402
9603
9601
7614
5592
3834
9123
7374
6174
8354
1516
2170
5792
5758
4125
2501
1598
7849
6544
6293
1440
9684
5004
6581
5494
3437
7244
7813
8035
102
6341
7643
122
4473
9758
9921
8875
7054
6790
2712
9585
5321
9328
4806
7609
9443
8544
6501
4729
6430
9518
3148
2230
9767
9638
3261
267
4415
7398
1179
3727
7918
1911
8627
7976
6908
7106
4841
2797
8815
6398
3929
4603
7473
4194
5626
9341
2170
4197
8440
3947
197
8175
8423
7761
4468
1804
119
3898
3630
792
9880
4693
8488
2058
3449
1756
6981
5924
6838
6819
7478
7455
7167
5052
8646
9682
6949
7549
6870
536
5980
1560
2258
6307
6942
9494
1755
5405
9644
7268
1111
8325
5985
5809
466
9271
1666
4351
6574
7259
8771
4836
6942
9885
6225
4932
9597
2581
8721
4291
612
1053
7616
8851
4088
3161
9738
1804
1069
9652
1237
8338
5679
7388
8723
4872
1013
8546
8875
2927
6348
5591
8772
9374
9842
7272
6609
6969
4233
3990
6874